Comment line 0
Comment line 1
Comment line 2
Comment line 3
Comment line 4
Comment line 5
Comment line 6
78c5731af958dec76d59cb9f883a35c426184bc25969b9d7600f1b159a26b498 138 138 162770 156128
88f8ecfc8487fda00f26316079713eae49c8c4c0a3f8dec48b7c5ba96303101f 61 58 1753 578
a2af066f26ebded00fa0e440283a7ea1720d1c6389b844edc4510b8c951a2e20 11 11 17345 1376
a50d8f170670b3977e0acf88579729f093a3626f38177664f869317fb07b24de 7 7 15864 162
86ec1f1ec4f87066ad18e10f3d1b019911d0ccb4dd4523f84fe90ec03b777ed1 110 108 3798852 2773150
3256d51322d97291a9035ab0a38e20753128e212bad19fb8d754010c60b83bf3 5 5 27121 122
f812556f3a58a9a8c0c5a0347d6d078251adc52e2c2175c217ba29bad5e2a8d0 16 16 770987 186145
aa16b87dabc449ce010e897dec53bd8de884251bce73c789b36d937a3f500cc1 38 38 954471 305578
6bd781b35314db5798c45ca4dcfbfda6d5f0b36c9ad7b47bb2d6d897861adfa1 3 3 80036 23170
c6b8f6c0239540a5bb6d5c3d29ef572e3e6031ebda72507c318994d93389b3ec 31 31 160137 60164
2eb26334b4d55d28a19b4a45258af71e1374341e667379412171d90133c47fd2 54 0 0 0
3e891e5a11e434241cca85ff299375d3c2106117c56dafd551110effdd67d618 12 12 1770 646
013902f7f01a8112f83687a0684fa7df793b0710220a55ab5db7dcf5eedbd5ea 135 135 190540 225854
387e443307d680f0132938544f647ca29a923d8b7866377d9f36de3fc4913505 2 2 698082 149492
d1be10af167d52289cdeb7c79c528b096faf5509e0481f9ec8abe2ace92459aa 47 47 459209 96207
890edc01063465cc381a5e55f91fd86ce0a46cb4c379db349544e259a46cf515 21 1 342 516
cdbd5df420a2c0f8cd9a28438e5e3b204d5314d13e13c7d63c5101031d8b881d 16 12 3092 2139
be078082a5aa78cae7e30b55ca001ec0bdb6a73399a8ae2281853a91252dbcb9 21 21 292 88
6851fb33f53c1a55c168cd6d6e004a1ffca9eb5a6906ecd17ded0072a8c3aa24 3 3 49 1
3078503ba2e0b11ef2b62ff929ef64e2b3e31527c44a850dc6e6929f06829b12 13 13 133459 24358
5f83bc29ae36a8ba48561430f46f4f27c12f0c7381bd6c3185c9c3cbde69d839 7 7 69999 12206
08ee0d2b8ff927ce6af235fc469d11beb26f33a1fd9b673aadf60df00ab0b5f1 1 1 58376 0
b079eb4743eff09762686db6882905aff52b992b6262a27c8ef7348d3f16bcba 3 3 132811 62
afb95f635334930036e2ae48da82111f05984d610ac129754a18f943f3ce6565 78 38 870430 32074
e2aec1d2e0e08153492385aaa715f80ef0f2cd8c99d5c8daa6a9d187cf5c4c32 143 133 38423 20292
16a968e8ad35dec461983e988ddc6fbbce14355e9add23c807ce10ed1be7e3ba 22 22 5364 340
17ae29b9a56c00022abb3ef30f2b4da211496926872a78ccbcd1539a59c67122 25 18 67679 1846
87734bc6ca3db82707651b1b8350dea1c3716a1718f2eb67e80ff1d12fea4ff1 5 5 93806 92386
e99811398c8c228f76cab6209a75f8830041508751721b7797dc39cac0850cde 146 8 9261 18222
489c7cf142d3edf189079e96752a4134d7f579e8cae18839208b8a09746034a0 6 6 5256 7
8a0d0e7410b3e8c5330a97468b0e262f51901d2446a21a41cf22aa2c1da2509a 7 7 501 180
3269961b31d08c4f1c81068fb820dcbf65b9495830c1bbfd7866f91dff01d8c3 138 93 783635 419885
549359335721331040772117e2c9ce907b85d9c9c5db750161a370345cf793b9 7 7 209 70
d4055b517ef5147595ea0bf9c6bca5f63194041c6a0c1f4684e930bf9c8da3a1 6 6 56194 560
4be9f2ac33fb9c6f63c2006ef3755cbba8d801bc3321f419bbfc675004db3279 13 13 39379 18770
e7cb8480beadbf4210d4c4a678afdceb669a16725cc9a053ab5b082ecd18d869 14 0 0 0
1f2a27e0466159c5484e418a316a7e1409b2d63ab0e2fee70d0dd4518c1beb1f 27 27 5879 5132
f097ad9f97da468da333048183ca692931aa803cf0c67c1d04be4c16ce2d4c85 11 11 282 19
d8e9c56ecdd1adffea94b5360f4a0bec22d81b5e66a197de18c766114c43edf4 10 10 307 19
8a7b2407cf9f36bc7fa268a00f2e60a8f6f2160de202f303e31f23423fe88a73 13 13 14379 10018
61e67934b8dc8c37d6aab7fd541c434c4188edd65204999b6a6dbb9fb0450328 9 9 57878 14
cdb546bb620ee94663f794a03caabc2c2b72be30ae3c326a0347de027e101de6 18 11 3218 821
3ef775277badaf3038f199c67c330a0aa406c656bdf28afb8eda53d15fad34bf 87 85 42173 22462
106a6000eaa2a667bd7b2e8622e3f0eb5e9d52241a73f67c523d77429868f032 115 115 17365 4793
e16e6e60d5bb6b9d63707c0db11d33bbdef957315899208bf2987b407ea01a85 1 1 314 0
f8f1dc424757d131ba1d0b5cdc18c014cd1edeb28bfbb4d4e2b1bc1b55e5f5aa 8 8 57955 7762
24bc5870a75cb2699aea4a4ab86808fe0634cb3995b8016ba7427005ed2ae9da 4 4 3908 8
748df36720cc1c48e86955a5910101ae1f2b99500180a5a2afa57b2e61322492 53 53 10075 1118
af0ab3131646c8d6255654878ff4fd9a262b336872044aab90ba01ebe1e8f6b8 119 119 15288 3640
bcad9a9ab42e67a924776da6212424e37495e2fea418a1a3509daf469a433049 40 40 8380 1170
00398290540450c73bc1ee435bb1cecf0958667858df9198ee6feb1031dc1858 17 17 3701 397
fb95dd380020d70884fdfa9592b9079f89948de3be4594fd182299bf1e6df0cb 6 6 336 6
0cb3f4854f599d9a8521d17ddc982e6d54feed0dda3553f9f87a5d8c8d5deaa7 9 9 10304 9284
f7ab423c56fdaeef3e92b2f4ef2faa7b20c9cea1dc8fe072ef6955197c8d0e22 32 32 21500 17887
5214340259d6b21d6ba72432c72d75381da21cabf51d0eaaff59e06b20bd8fad 2 2 5491 69
4d98558eb10d6e2c489a786eb069b81da3e309c624753746243a30fea8bb4c38 20 20 22326 17422
f348954a469e50d20a77de1dbc31cf4813778c41dc221e9940a9403ebc12d007 7 7 6430 83
565ce0e1f4416f8be4c11289c39aad776c02e60016b095cb77e19fd4417ec693 52 52 21444 17914
26172fa77ac9daf858b530023ec50bf2114a2700568d63aa37470a0ce1f1d234 135 135 238754 201979
327d37f18f34bbf2f800d017e398769ef3f869689eb63b55524a95f161262a55 532 73 56985 64936
433198d105eea6dfcc9ef343f097b20d3b3fc58fef0178b35ef8c2de4b301ac3 20 20 46003 27857
657282225884f57af5ad1a587b5605ba9f14dcd3ff1df47a25b475a7b98800a4 2 2 27384 0
a4a6f315560e82bb30fbba3fd4d5c25dee7777a404791a262036a85f8287e6f4 140 134 50098 24658
6c8656dcc3bb75db973a27069b41470ecbd92d3b5aad3855dd73173cb7a89f68 33 33 34813 25670
08846fb0abdb76b4e0185b224934519894d42a41d2a5d62e6820cec358dfaa7e 63 63 1025112 129666
cc9c885bb933a9049b3672fec124a1b5b3c8188eadd8381c30dbe3589335fb1c 106 15 507 404
37953aa7bac230181ff6095c91bd923afd15f15aa7df30ff31be583051e7b9e7 31 30 23234 9697
6a1880842ee26665d126dcc12f3a3a0debcb8d1c0eb844cf3c6fda686d3cfebe 5 5 17425 9994
d40ffa57b9764286e9cda0bbb86ad9035397562897a3c5eaa06ec742d5af8caa 8 8 603 68
19057f78474a892df48b50fd605dde03abdcbc6be86d58ca6d525f5e544e6d30 26 26 16593 1573
fa535f8141b5446224252a25b02f51b0de1ae9ce38d464517996dcbe10a535e5 65 65 34629 13892
7c68182284f71eff9bc3c73a970d0a7b361e85f2195bd9d993f4742b30dc80cf 20 20 24204 10704
3336af38ec145a733ab8d60e6f570b61ecc7e4ea2f250c7704bda07772f9df29 18 17 27397 7417
7347d2a416b5a6aebc3502f85c4ccc64ce545c7676c496e2bb90ae914a36636f 16 16 12514 7180
aeb4f76f5d45753421413ce8b4460474408bce7a390df78b2bb89ff7cb66b7cf 10 10 5701 490
e82ecdc6d0b9f44ab13522c73e43207a2ae45e2ad7d73adb9d80ab7e137deafb 6 6 5514 1715
de901e039f9357f76747f738cc2be38584f371ce48de0c6dc1b290bb6b2bd0b9 22 22 15630 6410
fae8e8227b03559826f5350a932b6fa8f10c137267dc6de34226992fd07d7012 44 44 23944 503
14503c2135d73eee5dd3007367e7e81ff32244e500c908684260d43724658604 4 4 14319 1078
34a4bb6b3ce4ae72081f3f8aa6a035187a654b4dbddb6f70a04df5622f6700f0 16 16 4984 2300
a800fb3733d20f338a070178be390cf787fd230fd39d97c3a9c8b992a1f9b2f6 22 22 17284 9099
0041fbd0246d0cb5e39258835076f90cb10a3664ee1c415ae9faa9e805e3ecc7 1 1 513 0
ef995df10048d06f853973a17e1712e6fde81656e95daa5fb9b3be3d583458af 2 0 0 0
69e25464c0fc9b1d9e63a1ee4815a955327203423036c315a4067d5cd77c7467 2 0 0 0
4d4ab1ba33f132651036aadff9968172288e07f5522821e54494eb74d69fba43 15 15 10116 79
326eaeac012d761a0a84c9d55f25c9ec0e52511d16386100906b78ffdfe74725 33 33 13775 6788
1b05532d497093737a138b10091e3e4c8091878d970269e9c1bbb7b709fad7ae 128 128 48335 283
a85bb7afa26059b5a083b61011f970f99e573a83b259e35d984f18a8a784cb09 84 84 22210 16305
593551121ea72aa4015a33efd5781bf32b6ff1e6498a847c4f7be6dc09903211 18 18 3657 554
ccb85ec5856fd69dc0f34a7eeef2095a64aac68bb8cd57bd6152f391179c6482 129 129 22446 11088
52bdf22fc3e44e1d467b681f9c9226fd4e8982bf7ed003905122bfa891c3bfcb 1 1 4827 0
7ace0dcfda621d6e8745a59a9406e5306786c2f0a0984e52278bfd892d0e07c2 13 13 15955 2698
2339487b34a8f9a51fd478d8de7674c00ac1b73c9262f64530eede4ec4cae7e3 15 0 0 0
fe920b4fb90ebda3c61aea1ee843876cf3eb6d49accf3289b26cdb8cbe8f522e 8 0 0 0
421167caf191f872f12b697499027a344fe61a725f561688628dbad6fbfe198c 19 0 0 0
acfccdc65c67300904cc070e64aca78888aad5891ff0edebebea83050ca56dae 39 2 405 109
a9a05cfbae557d5e2a59b3105670fb4c20dea45509cb8e917f9cb77e24f1d18b 25 3 64 154
7d2e09a10e5952717de2f493c117a7fa1f2de69021f2df8ca7191157b22db4d8 9 9 234 64
44b38cdb0daee715a2733c099653e2780b316e3615c78eee1a78782237f4a03c 50 50 11337 5848
4039001414d06e7baa7d2ad725341624e031bf5a2f286b9aa6818e1781b4f4a9 3 3 462 77
a283a26bacb041bd158388d5b34628ff94e5d5b4ad0ea78069d705da2ba8e7e0 1 1 811 0
6838ece0e08cff80427cceef59c0fa572253ab4d8c3ecdffe89c4e1c3361029b 28 2 743 266
ad7ef373cf3ad596680b6025a1cdde8ca672cf1407b3fe7bc279386e1b09af90 2 0 0 0
92eed1e382cc9ab539d9a207565372274227b05d145bd606a6deed76a3d9c4e9 12 12 18446 11468
